1	310
2	184
3	274
4	110
5	197
6	229
7	48
8	15
9	212
10	281
11	105
12	110
13	283
14	256
15	83
16	293
17	296
18	234
19	276
20	87
21	79
22	272
23	220
24	130
25	57
26	170
27	107
28	99
29	49
30	278
31	60
32	177
33	247
34	295
35	60
36	45
37	83
38	299
39	44
40	29
41	30
42	83
43	170
44	71
45	292
46	42
47	258
48	55
49	139
50	240
51	50
52	3
53	298
54	42
55	87
56	239
57	176
58	24
59	55
60	191
61	228
62	296
63	12
64	19
65	170
66	173
67	283
68	312
69	191
70	294
71	315
72	159
73	152
74	183
75	204
76	25
77	162
78	292
79	9
80	219
81	127
82	163
83	283
84	111
85	178
86	210
87	173
88	206
89	52
90	18
91	112
92	235
93	9
94	121
95	65
96	152
97	48
98	232
99	73
100	34
