1	181
2	209
3	224
4	31
5	75
6	177
7	190
8	285
9	217
10	251
11	57
12	318
13	245
14	194
15	6
16	89
17	240
18	104
19	296
20	16
21	290
22	184
23	171
24	54
25	259
26	60
27	21
28	49
29	269
30	206
31	70
32	236
33	247
34	303
35	324
36	242
37	51
38	243
39	230
40	281
41	161
42	194
43	144
44	232
45	214
46	299
47	195
48	314
49	141
50	122
51	144
52	5
53	317
54	138
55	49
56	304
57	226
58	222
59	7
60	245
61	81
62	308
63	73
64	81
65	175
66	47
67	228
68	9
69	82
70	306
71	306
72	141
73	139
74	204
75	221
76	283
77	99
78	273
79	174
80	139
81	279
82	196
83	104
84	262
85	171
86	7
87	141
88	168
89	305
90	65
91	75
92	40
93	289
94	296
95	27
96	80
97	141
98	122
99	0
100	91
